Prise en compte des arrondis
p=1 h=1.49012e-09 N=13421772800
p=3 h=2.93312e-05 N=681867
p=5 h=0.000873464 N=22897
p=10 h=0.0201475 N=992
