fa=-5.221e+173
fb=2.707e+195
fx=0.000e+00
p=-inf
True
True
fa=-1.915e-174
fb=9.930e-153
fx=5.221e+173
p=-0.000e+00
False
True
