
1. Secant
x=1.00000000000000000e+00
x=2.00000000000000000e+00
x=1.33333333333333348e+00
x=1.40000000000000013e+00
x=1.41463414634146334e+00
x=1.41421143847487008e+00
x=1.41421356205732041e+00
x=1.41421356237309537e+00
x=1.41421356237309515e+00
xs= 1.4142135623730951
Correct decimal digits= 15.954589770191001
Iterations= 9

2. Faire un graphique
