Q = 0.5958924273886897
fcount = 57
erreur_absolue = 7.762401832422938e-11
