Formats
n =   9876
a = 1234.567890
a = 1.234568e+03
a = 1234.57
a = 1.23e+03
