
1. Conditionnement de log
x= 1.01
    log(x)= 0.009950330853168092
    logCond(x)= 100.49917080713044
x= 1.0001
    log(x)= 9.999500033329732e-05
    logCond(x)= 10000.499991668185
x= 1.000001
    log(x)= 9.999994999180668e-07
    logCond(x)= 1000000.5000821833

2. Plot
